1 0 0 0.00000000 % N=1 shot
0 1 0 0.00000000
0 0 1 0.00000000
0 0 0 1.00000000

1 0 0 0.00000000 % N=2 shots
0 1 0 0.00000000
0 0 1 0.00000000
0 0 0 1.00000000

1 0 0 0.00000000 % N=4 shots
0 1 0 0.00000000
0 0 1 0.50000000
0 0 0 0.50000000

1 0 0 0.00000000 % N=8 shots
0 1 0 0.12500000
0 0 1 0.12500000
0 0 0 0.75000000

1 0 0 0.00000000 % N=16 shots
0 1 0 0.06250000
0 0 1 0.31250000
0 0 0 0.62500000

1 0 0 0.00000000 % N=32 shots
0 1 0 0.12500000
0 0 1 0.12500000
0 0 0 0.75000000

1 0 0 0.04687500 % N=64 shots
0 1 0 0.09375000
0 0 1 0.09375000
0 0 0 0.76562500

1 0 0 0.00781250 % N=128 shots
0 1 0 0.06250000
0 0 1 0.07031250
0 0 0 0.85937500

1 0 0 0.02343750 % N=256 shots
0 1 0 0.08593750
0 0 1 0.03906250
0 0 0 0.85156200

1 0 0 0.02148440 % N=512 shots
0 1 0 0.09765620
0 0 1 0.06054690
0 0 0 0.82031200

1 0 0 0.02148440 % N=1024 shots
0 1 0 0.07617190
0 0 1 0.07421880
0 0 0 0.82812500

1 0 0 0.01806640 % N=2048 shots
0 1 0 0.08251950
0 0 1 0.08837890
0 0 0 0.81103500

1 0 0 0.01953120 % N=4096 shots
0 1 0 0.08325200
0 0 1 0.06884770
0 0 0 0.82836900

1 0 0 0.02160640 % N=8192 shots
0 1 0 0.08117680
0 0 1 0.06652830
0 0 0 0.83068800
